source,orig,url,title,text,date,score
C:\AI\repos\mcp-backup-20251226-203308\records\subsystems\github\github_20251225_131759.json,C:\AI\repos\mcp\results\compiled\mcp-backup-20251226-203308_records_subsystems_github_github_20251225_131759.json.csv,,github,,,
